2009.08907105507
2013.86584116356
2020.5369245016
2021.53336611759
2021.90941061185
2022.29724982924
2023.07080574011
2026.54191617591
2031.98050245606
2032.9091843821
2034.12218552723
2036.71348806943
2040.32361146211
2042.90767343031
2047.82734244812
2057.13719507687
2061.70171679017
2074.48437045008
2080.32180043386
2084.35933008403
2089.30348120629
2094.88926253673
2097.53569530196
2105.0214828172
2119.39344559296
2130.01471914688
2135.78874599142
2143.62836587878
2151.38758048542
2163.57148069251
2173.00593391802
2181.4331963082
2188.58935405134
2194.68795994232
2209.89451631634
2211.27050248263
2216.9963894101
2222.04444178962
2228.79999030726
2233.92307408202
2238.66429458201
2239.78556382097
2241.33840144599
2253.19517504478
2259.80332557532
2270.90749246038
2271.81998448816
2276.3690711004
2281.59269004051
2282.14180092583
2282.71865909481
2284.22401665578
2289.81968142956
2292.23740121188
2297.66411665491
2313.00521129676
2322.30984653584
2337.78925436183
2347.52661414718
2362.08739522845
2374.49766694022
2398.1259352424
2414.05903117208
2426.55357621436
2433.80296512749
2439.37743736473
2441.91356235125
2443.29258435724
2447.94710742916
2456.34952123212
2461.29116236727
2462.83804913436
2470.77156016294
2483.72698478497
2503.52307298
2511.78763936235
2517.71131974338
2528.54563974371
2537.48382740181
2544.97602878951
2552.59803552871
2562.30499216515
2566.73264497851
2572.77426855271
2587.33097307668
2605.16638553863
2610.19383799744
2617.55796912246
2624.84699511462
2632.66769323923
2638.58373621038
2647.04105769572
2661.70028658048
2665.56022272218
2667.58351105036
2673.97997020877
2680.03614317376
2681.68634947686
2684.18749289314
2687.65194798384
2695.62839201859
2713.72143941413
2730.00763364339
2746.1005252885
2757.99017004909
2764.32240166315
2774.8583968254
2783.4612708296
2786.10260498659
2788.64700328425
2794.03029176432
2821.40048575092
2830.3411719518
2840.35152712452
2848.47052859025
2862.01536637655
2871.4949689516
2886.66505622112
2894.61719374996
2903.59508547044
2912.4440053106
2921.14465270435
2930.77297034206
2936.9862610189
2945.16690947045
2949.80868893933
2957.14378668033
2968.36028386959
2972.76736132282
2975.44739676686
2981.88147314548
2996.93157421316
3007.21341864044
3019.03450415266
3025.04852605657
3026.95430372356
3034.32718387321
3041.91308756137
3045.51125311937
3051.6522590959
3059.2894385799
3063.21678466415
3070.18220429076
3080.23846458549
3090.91327359352
3099.97266424307
3108.10322232097
3110.09122902998
3115.67354288525
3124.49350319333
3127.42292534551
3133.92830576252
3148.52548866487
3156.99343335969
3164.08860912877
3171.97945522443
3174.5693546817
3177.13985096317
3192.27480108605
3206.30642778696
3216.63206032665
3221.81057678045
3238.23460524223
3240.07455991296
3247.07019098802
3256.14063433607
3264.33843501145
3272.61091615153
3280.09376635422
3295.46057944966
3308.75588726931
3311.07730362716
3312.7171004369
3320.8298010826
3327.36901906957
3333.36340011409
3342.32840101802
3354.60422265099
3367.4417285249
3377.58609180619
3384.41926127986
3386.42323147638
3422.20722895799
3438.98722739862
3444.43918394345
3449.73215965068
3457.18513353083
3471.75779645189
3478.7788090216
3486.21109178664
3493.00591022279
3495.81442648495
3497.46545887249
3503.44894852175
3511.63735417499
3518.7451700427
3531.01221602763
3540.15594246086
3548.85323350084
3556.39149642812
3565.60737821413
3583.12752405303
3605.54400949481
3615.00209964508
3622.86900289589
3634.23769031354
3651.13036270843
3670.88186361932
3688.42882743276
3698.65754330397
3702.23020008574
3706.30766069173
3717.58426773284
3751.27066952089
3765.29269805036
3780.23766014627
3794.96770394496
3809.71678637053
3822.430727512
3854.92063858478
3875.69301725747
3886.98689534227
3887.78659134022
3896.64063270032
3922.38748947109
3947.3655270735
3963.18215733257
3979.64198305281
4000.57582691258
4010.64098954763
4014.34795044623
4024.46363652919
4042.57837531187
4050.55679600968
4055.26212838256
4058.34846459552
4060.9926027057
4062.67843368821
4064.85014428451
4071.18390731676
4079.48085255107
4085.83244480651
4091.93471770558
4094.21965024797
4102.07040198809
4112.23387238738
4119.971844823
4126.05225756343
4127.32616034603
4128.16593281677
4129.30636353385
4130.75833390948
4139.21123935174
4149.82762030056
4154.07011946953
4155.42945140513
4157.56797287054
4167.73330878419
4176.24377073525
4178.57510193831
4180.51203102268
4190.54067850352
4199.02332084345
4200.57270629901
4209.08829562386
4225.48807078868
4240.3979991838
4254.44020545708
4274.88278993213
4290.82098441515
4307.00048253897
4322.38107588344
4327.56290449599
4330.93465634666
4334.17746038808
4335.94816992894
4337.79381790074
4348.10331627652
4356.03074671265
4359.93696904007
4368.78683246603
4379.41608624045
4383.50449831714
4388.70829292668
4393.50562214483
4404.21703454939
4414.93763222828
4425.93384391034
4436.24562406854
4440.56270975198
4450.82708228735
4474.71354877711
4487.67670351133
4496.57895541664
4506.35939733466
4512.13218152374
4516.22900604309
4518.35586072802
4523.52829271062
4526.810184759
4529.85160627806
4537.32875289799
4552.45708470612
4562.43816189742
4579.72902128181
4599.47256704602
4608.95721278368
4614.34524356198
4617.28286866658
4626.95054275444
4638.84571163551
4644.34050821359
4652.56010709123
4662.69344693537
4667.74393577222
4671.74658435156
4677.16171496046
4679.22531004206
4688.49559143909
4698.9337220122
4701.94231038524
4707.39757700657
4717.51710713652
4730.34571223206
4742.01049170791
4756.52675741126
4767.1287063879
4770.30405257064
4771.5036026239
4774.07539624762
4787.16333273354
4796.12612344145
4806.21638367601
4811.29327201602
4828.93861203264
4843.21155176563
4846.03674996585
4857.72819878248
4872.76862719065
4897.93967504824
4908.31456464994
4932.6971637522
4945.68681124193
4962.42393572113
4965.86677313393
4978.19210807051
4987.25138321741
5001.44086439172
5018.65419272734
5028.77728251648
5040.50289274068
5048.59302533091
5052.77859756765
5066.20182208377
5068.14941555195
5074.1642706989
5087.83070195323
5095.38915875465
5096.59162410758
5112.70664331093
5125.21291866814
5128.77674719273
5129.58512144342
5130.37207262774
5131.3153899828
5133.41213294118
5143.35684818272
5154.97727664642
5159.78543641098
5181.08331961155
5201.47319604548
5213.83022819418
5228.81867221934
5241.25907030799
5243.06757316609
5253.65873004696
5277.03313822092
5297.55084792225
5316.62748262739
5324.09589213771
5331.80168761565
5345.91073399481
5356.34948870959
5358.29400027499
5360.34272258968
5382.13255312731
5394.4159605993
5399.18232591614
5410.13102801001
5425.96997538918
5435.35460460884
5456.92710336147
5470.08056887964
5484.46361956927
5498.30238572781
5500.80797823327
5507.74437975264
5516.0936776441
5531.80087607174
5553.20537432778
5574.56952410563
5586.29712853958
5623.64360146428
5642.47705119033
5667.24252807525
5679.34945259422
5689.63431128195
5700.00517358933
5715.94566657994
5739.51864970817
5762.54983184806
5779.92305995227
5799.38155871319
5815.30736765353
5827.89942022515
5831.02504163832
5848.01040659036
5860.40042098967
5875.61037559467
5891.14255895064
5914.39793774986
5947.07286726036
5965.86382453723
5977.64579235308
5996.25776377332
6005.00427585465
6016.8264799492
6042.49310780853
6052.81750598044
6057.56321018604
6072.36396031982
6083.84396551617
6089.69361725732
6099.08286876724
6120.26667211469
6136.95755522143
6151.10322152351
6160.04761051657
6163.90414434204
6169.50033845979
6181.5709311793
6198.81613403734
6223.42239549273
6241.96218967335
6256.67472448417
6261.1827119924
6274.27614856111
6303.89239389829
6313.68421621253
6321.36814511921
6326.73159261476
6332.53979785787
6346.38919753702
6359.54582929508
6375.79495954249
6389.05746485836
6403.86280330587
6409.88789074274
6413.70176673369
6420.89707689357
6424.29118319705
6425.89221125145
6428.8890511298
6442.46841135076
6457.88759956417
6460.98189652171
6463.86916307524
6472.6716000421
6491.46122238311
6506.33265141478
6515.72042997124
6541.82119818906
6555.68533287933
6569.19958375529
6588.21426792141
6596.42806029395
6609.91369694036
6641.11355511245
6656.74439286251
6661.81924455576
6665.62223800457
6680.68597194684
6694.18590103381
6695.85878521764
6696.85200266979
6697.86970879148
6701.30772578314
6718.30680056806
6734.98363402186
6755.53851463163
6778.55772199351
6797.01835960369
6814.89313985351
6823.80977042751
6836.66509859012
6863.01397455691
6873.94553038545
6889.72275669441
6913.96547639035
6949.2203766537
6963.68802121115
6971.13527326876
6976.70773934488
6990.63267010741
7005.13736013321
7011.5442962619
7024.01861044926
7044.00738356297
7054.17074815982
7069.52256748212
7076.7876815525
7079.54521083797
7086.35136194502
7124.88783533632
7149.1458852269
7177.93806611055
7195.20576065318
7210.15092347205
7233.57450234131
7252.24365761884
7267.81827986867
7315.37885515889
7327.51402543412
7336.84032317194
7354.73377968945
7365.85574722635
7368.87881580871
7385.92599690221
7408.51020888387
7440.48177466273
7461.49992103972
7480.78536300075
7499.9257158921
7506.50566917678
7523.63219820137
7549.36823841733
7571.470655087
7599.8027543721
7609.66004308339
7623.34018449373
7651.65224706508
7670.31640766338
7692.12024743038
7713.86405700536
7745.59956835673
7775.62465123826
7804.64590818494
7806.05793084716
7819.75086061376
7844.00015898525
7860.41733829381
7884.72211993243
7909.88523888879
7915.91937123482
7920.1523350982
7933.51500618896
7951.48799682968
7958.31509337007
7969.13534513138
7970.37638240119
7983.764263129
8004.53955015469
8007.91819926848
8019.30817472894
8035.86953312367
8041.23112966354
8066.94795765716
8094.96813218298
8115.24110279185
8124.72990984168
8125.62108033062
8141.23174820706
8158.43075130291
8159.9788610905
8161.50949130773
8162.7712348185
8173.47326284668
8198.51792800138
8217.00058684247
8227.18114093576
8238.48163796242
8242.71307498954
8246.55777555665
8254.56874934881
8263.31598741842
8265.00630241964
8277.13941269852
8295.640702394
8315.74378508709
8325.6864157844
8330.63742015758
8333.22753382763
8334.67322177718
8355.56207518791
8370.52138899903
8372.78275447956
8401.21398887293
8445.63976981842
8461.66998830993
8466.06736565917
8471.98862763004
8498.73359861298
8521.64163060308
8528.84803976745
8544.84199331396
8569.73181495151
8588.50532185633
8596.01091316819
8612.44437980931
8635.8414044039
8662.34256297255
8666.38713056144
8669.49968607386
8685.19401042526
8708.03440803129
8712.93927933918
8716.88084645212
8723.91826116195
8749.46707994165
8769.74047871903
8793.22176252353
8821.06129516297
8846.04819098723
8873.42025082364
8900.68562619171
8943.08112658477
8962.83685005791
8971.39797158639
9000.42723062019
9032.97924855639
9058.79875840673
9060.37274091962
9073.24538131915
9099.93228728857
9113.06876838522
9122.86095311018
9149.12143097862
9170.8796544103
9192.45467368003
9212.92659931563
9218.60087912078
9248.25572255221
9285.52160698377
9300.09603540611
9323.28886005025
9328.10646512451
9359.60837656866
9391.6315335045
9401.53655540953
9408.46112761833
9413.20966923122
9415.2674708483
9417.89906275426
9431.4101330189
9455.93409218625
9469.0827766758
9477.67277163665
9488.58861851545
9491.84966867003
9507.61059658999
9532.45339655105
9534.39742987374
9553.79768185209
9593.33650142963
9620.39994984554
9655.74915485164
9683.80945655552
9696.04540992428
9698.2511996226
9719.98891359908
9740.36001005992
9742.58388394163
9744.6523500176
9762.20524766668
9776.80465589124
9794.62086935646
9826.92641625058
9870.91885007667
9896.30403706414
9911.85227089134
9925.97611755956
9951.71364160233
16005.1352935627
16065.2114286084
16105.7732688902
16192.8358167252
16264.0294183917
16409.5386616393
16451.0305877079
22994.8706153118
23270.1872257156
23356.5133221019
23392.0930520496
23432.4250220036
23457.9581157818
23470.8799616946
23479.9757802379
23532.4420804131
23594.2774619901
23634.2185380948
23705.0936647582
23793.4959271155
24324.2475912073
24346.5993357243
24399.522856763
24450.65711064
24475.7990614006
24727.924005122
24774.0395199426
24792.6597553695
24816.6847276745
24832.7535572843
24852.3829310317
24916.8171918217
24978.9456123502
24998.2069314421
25025.5029721231
25109.4060128704
25173.791324638
25242.1526251125
25400.9623219103
25450.6746651841
25530.2368624784
25589.1997870353
26001.9096104051
26115.5874755986
26798.6511616885
27199.8463677615
28043.9027921672
28071.3164407379
28142.462505793
28203.1165656317
28212.9515342832
28224.1444345356
28237.478975273
28332.0665826186
28653.9113813574
28743.1259449131
28807.8714055641
28887.9055467106
30205.6364647663
31020.5321803303
31147.3796783347
31852.2199411799
32231.2593835641
33351.8472263779
33362.2521664699
33431.0102172731
33500.3649272859
33515.1138624513
33527.1995849148
33540.176302838
33563.7842832765
33595.5988995026
33638.5606918335
33674.7522532247
36277.0393260699
36395.95564849
36475.4786422964
37163.2010607123
37334.1763036654
37462.7587573943
37545.5152885745
37625.8960694532
37679.1856477286
37698.5506605862
37706.8322984099
37739.03404492
37824.6397306147
37909.6712034255
37950.1010413328
37975.872516694
38007.9405654645
38039.9107552107
38077.628723551
38107.3157890775
38385.4083794434
39834.0456612246
39965.8486493128
